Proportion	Fold	Family	ED	NED	B3_F1
0.8	1	Burmish	1.0744	0.2942	0.6794
0.8	2	Burmish	1.1023	0.2904	0.656
0.8	3	Burmish	1.0186	0.2711	0.6829
0.8	4	Burmish	1.2791	0.3428	0.6616
0.8	5	Burmish	0.9953	0.2712	0.7085
0.8	6	Burmish	1.093	0.2947	0.6705
0.8	7	Burmish	1.0047	0.2641	0.7089
0.8	8	Burmish	1.2093	0.3245	0.6374
0.8	9	Burmish	0.9953	0.2678	0.7026
0.8	10	Burmish	1.2744	0.3402	0.6483
0.8	1	Purus	0.6164	0.1251	0.8109
0.8	2	Purus	0.4277	0.0797	0.8632
0.8	3	Purus	0.5472	0.1043	0.8241
0.8	4	Purus	0.6541	0.1228	0.7992
0.8	5	Purus	0.6478	0.1287	0.8093
0.8	6	Purus	0.5346	0.1037	0.8333
0.8	7	Purus	0.5849	0.1084	0.8225
0.8	8	Purus	0.5912	0.1125	0.8197
0.8	9	Purus	0.6101	0.1231	0.8166
0.8	10	Purus	0.5975	0.1113	0.8191
0.8	1	Lalo	0.8052	0.2572	0.6236
0.8	2	Lalo	0.8092	0.255	0.6092
0.8	3	Lalo	0.7892	0.2503	0.628
0.8	4	Lalo	0.8232	0.2619	0.6143
0.8	5	Lalo	0.8362	0.2651	0.6052
0.8	6	Lalo	0.8641	0.2757	0.6058
0.8	7	Lalo	0.8442	0.2707	0.6026
0.8	8	Lalo	0.7592	0.2403	0.632
0.8	9	Lalo	0.8132	0.2591	0.6083
0.8	10	Lalo	0.6993	0.2208	0.6567
0.8	1	Bai	1.0872	0.28	0.6269
0.8	2	Bai	1.1172	0.2882	0.6198
0.8	3	Bai	1.0654	0.2767	0.626
0.8	4	Bai	0.9591	0.2445	0.6574
0.8	5	Bai	1.0654	0.2699	0.6219
0.8	6	Bai	1.0218	0.2638	0.635
0.8	7	Bai	1.0272	0.2624	0.6392
0.8	8	Bai	0.9237	0.2397	0.6725
0.8	9	Bai	0.9673	0.2528	0.6629
0.8	10	Bai	1.0054	0.2582	0.6344
0.8	1	Karen	1.0719	0.2802	0.6726
0.8	2	Karen	0.911	0.2413	0.7115
0.8	3	Karen	0.9658	0.2486	0.6789
0.8	4	Karen	0.9486	0.2457	0.6987
0.8	5	Karen	0.9041	0.2434	0.7182
0.8	6	Karen	0.8733	0.2278	0.6986
0.8	7	Karen	0.9623	0.2514	0.6978
0.8	8	Karen	0.8322	0.2164	0.7415
0.8	9	Karen	1.0274	0.2692	0.679
0.8	10	Karen	0.9932	0.2574	0.6949
0.8	1	Romance	1.4488	0.1759	0.7453
0.8	2	Romance	1.4216	0.1736	0.746
0.8	3	Romance	1.4801	0.1817	0.7358
0.8	4	Romance	1.4162	0.1722	0.746
0.8	5	Romance	1.4328	0.1736	0.7438
0.8	6	Romance	1.362	0.1671	0.754
0.8	7	Romance	1.4846	0.179	0.7372
0.8	8	Romance	1.4385	0.1766	0.7423
0.8	9	Romance	1.4286	0.1726	0.7469
0.8	10	Romance	1.4247	0.1725	0.7468
0.5	1	Burmish	0.6716	0.1854	0.7804
0.5	2	Burmish	0.7537	0.2025	0.7563
0.5	3	Burmish	0.6716	0.1871	0.7837
0.5	4	Burmish	0.6716	0.1775	0.7906
0.5	5	Burmish	0.6119	0.1611	0.802
0.5	6	Burmish	0.694	0.1836	0.7844
0.5	7	Burmish	0.6716	0.1841	0.7754
0.5	8	Burmish	0.7015	0.1891	0.7863
0.5	9	Burmish	0.6269	0.166	0.8035
0.5	10	Burmish	0.6791	0.1854	0.7791
0.5	1	Purus	0.5152	0.0948	0.8404
0.5	2	Purus	0.4141	0.0837	0.8621
0.5	3	Purus	0.4242	0.0823	0.864
0.5	4	Purus	0.4444	0.0918	0.8587
0.5	5	Purus	0.3737	0.0731	0.8809
0.5	6	Purus	0.4747	0.094	0.8549
0.5	7	Purus	0.4848	0.0912	0.8528
0.5	8	Purus	0.4343	0.0821	0.8587
0.5	9	Purus	0.4646	0.0867	0.8557
0.5	10	Purus	0.4242	0.0822	0.8672
0.5	1	Lalo	0.6512	0.2064	0.6741
0.5	2	Lalo	0.6832	0.2195	0.658
0.5	3	Lalo	0.672	0.2117	0.6618
0.5	4	Lalo	0.6592	0.2089	0.6685
0.5	5	Lalo	0.7168	0.2254	0.6553
0.5	6	Lalo	0.648	0.2059	0.6732
0.5	7	Lalo	0.6576	0.2075	0.673
0.5	8	Lalo	0.6848	0.2159	0.6625
0.5	9	Lalo	0.6368	0.2026	0.6827
0.5	10	Lalo	0.6736	0.2149	0.6648
0.5	1	Bai	0.7773	0.2013	0.7105
0.5	2	Bai	0.8428	0.2149	0.693
0.5	3	Bai	0.8297	0.2148	0.6999
0.5	4	Bai	0.8472	0.2164	0.6945
0.5	5	Bai	0.738	0.1889	0.7194
0.5	6	Bai	0.8777	0.2205	0.6767
0.5	7	Bai	0.7948	0.2019	0.711
0.5	8	Bai	0.7948	0.2	0.7
0.5	9	Bai	0.7729	0.1942	0.7137
0.5	10	Bai	0.7991	0.2049	0.7064
0.5	1	Karen	0.6758	0.1771	0.7733
0.5	2	Karen	0.6813	0.177	0.7731
0.5	3	Karen	0.6374	0.1706	0.7719
0.5	4	Karen	0.7308	0.1931	0.7686
0.5	5	Karen	0.6593	0.1739	0.7628
0.5	6	Karen	0.7033	0.1789	0.7588
0.5	7	Karen	0.7418	0.1971	0.7547
0.5	8	Karen	0.7088	0.1886	0.7502
0.5	9	Karen	0.6758	0.1787	0.7685
0.5	10	Karen	0.6593	0.1698	0.7708
0.5	1	Romance	1.2431	0.1541	0.7774
0.5	2	Romance	1.2754	0.1565	0.7684
0.5	3	Romance	1.3131	0.1602	0.7629
0.5	4	Romance	1.233	0.152	0.7735
0.5	5	Romance	1.2475	0.1544	0.7714
0.5	6	Romance	1.2504	0.1537	0.7717
0.5	7	Romance	1.2899	0.1581	0.7674
0.5	8	Romance	1.2759	0.1569	0.7724
0.5	9	Romance	1.2021	0.1485	0.7799
0.5	10	Romance	1.2402	0.1541	0.7754
0.1	1	Burmish	0.5556	0.1556	0.8932
0.1	2	Burmish	0.6296	0.1636	0.8613
0.1	3	Burmish	0.6296	0.1562	0.8446
0.1	4	Burmish	0.6667	0.1759	0.8689
0.1	5	Burmish	0.2593	0.0642	0.9371
0.1	6	Burmish	0.5926	0.166	0.8502
0.1	7	Burmish	0.4074	0.1111	0.9278
0.1	8	Burmish	0.4444	0.1117	0.8938
0.1	9	Burmish	0.2963	0.0722	0.9218
0.1	10	Burmish	0.4815	0.1241	0.8917
0.1	1	Purus	0.3	0.0481	0.9388
0.1	2	Purus	0.35	0.0667	0.9093
0.1	3	Purus	0.55	0.1142	0.8396
0.1	4	Purus	0.65	0.1283	0.8468
0.1	5	Purus	0.45	0.085	0.8952
0.1	6	Purus	0.3	0.06	0.9234
0.1	7	Purus	0.45	0.0708	0.9048
0.1	8	Purus	0.75	0.145	0.8003
0.1	9	Purus	0.55	0.11	0.864
0.1	10	Purus	0.35	0.0729	0.9039
0.1	1	Lalo	0.592	0.1856	0.7396
0.1	2	Lalo	0.672	0.2167	0.6909
0.1	3	Lalo	0.736	0.234	0.6756
0.1	4	Lalo	0.536	0.17	0.7445
0.1	5	Lalo	0.584	0.188	0.7476
0.1	6	Lalo	0.656	0.206	0.6999
0.1	7	Lalo	0.576	0.1833	0.7353
0.1	8	Lalo	0.64	0.2016	0.7145
0.1	9	Lalo	0.6	0.18	0.7357
0.1	10	Lalo	0.576	0.1813	0.7382
0.1	1	Bai	0.5652	0.1496	0.8046
0.1	2	Bai	0.8478	0.1982	0.7603
0.1	3	Bai	0.7609	0.204	0.755
0.1	4	Bai	0.8478	0.2221	0.7246
0.1	5	Bai	0.7826	0.2033	0.7754
0.1	6	Bai	0.8043	0.212	0.7587
0.1	7	Bai	0.6957	0.1822	0.7699
0.1	8	Bai	0.7609	0.1996	0.7487
0.1	9	Bai	0.7826	0.2112	0.7549
0.1	10	Bai	0.6739	0.1645	0.7799
0.1	1	Karen	0.6389	0.1491	0.8511
0.1	2	Karen	0.3056	0.0889	0.9232
0.1	3	Karen	0.6111	0.1505	0.8389
0.1	4	Karen	0.7778	0.2056	0.8164
0.1	5	Karen	0.5	0.131	0.8595
0.1	6	Karen	0.5	0.1319	0.8644
0.1	7	Karen	0.8056	0.2028	0.798
0.1	8	Karen	0.75	0.1829	0.7997
0.1	9	Karen	0.6389	0.1759	0.8466
0.1	10	Karen	0.5	0.1287	0.8896
0.1	1	Romance	1.1325	0.1424	0.7968
0.1	2	Romance	1.0578	0.1325	0.8036
0.1	3	Romance	1.1687	0.1422	0.7853
0.1	4	Romance	1.1446	0.1438	0.7896
0.1	5	Romance	1.2723	0.1565	0.7694
0.1	6	Romance	1.2337	0.1528	0.7721
0.1	7	Romance	1.1566	0.1406	0.7926
0.1	8	Romance	1.147	0.1418	0.7883
0.1	9	Romance	1.0602	0.1323	0.8069
0.1	10	Romance	1.1783	0.1431	0.7896