Proportion	Fold	Family	ED	NED	B3_F1
0.8	1	Burmish	0.9488	0.2544	0.6893
0.8	2	Burmish	0.8512	0.2232	0.7233
0.8	3	Burmish	0.9023	0.2402	0.72
0.8	4	Burmish	0.9442	0.2515	0.7227
0.8	5	Burmish	0.9581	0.2622	0.7162
0.8	6	Burmish	1.0419	0.2768	0.7035
0.8	7	Burmish	0.9023	0.2405	0.7278
0.8	8	Burmish	0.9581	0.2522	0.7121
0.8	9	Burmish	1.0047	0.2644	0.6734
0.8	10	Burmish	0.9581	0.259	0.6986
0.8	1	Purus	0.5535	0.1092	0.8313
0.8	2	Purus	0.5346	0.1005	0.8385
0.8	3	Purus	0.478	0.0916	0.8462
0.8	4	Purus	0.5346	0.1002	0.8359
0.8	5	Purus	0.522	0.1039	0.847
0.8	6	Purus	0.5031	0.0946	0.8384
0.8	7	Purus	0.5283	0.0977	0.841
0.8	8	Purus	0.5409	0.1029	0.8447
0.8	9	Purus	0.5409	0.1034	0.8338
0.8	10	Purus	0.4654	0.0863	0.8511
0.8	1	Lalo	0.8571	0.2731	0.5979
0.8	2	Lalo	0.7662	0.2437	0.6423
0.8	3	Lalo	0.7772	0.2433	0.621
0.8	4	Lalo	0.8292	0.2604	0.6115
0.8	5	Lalo	0.8292	0.2611	0.615
0.8	6	Lalo	0.8142	0.2574	0.6161
0.8	7	Lalo	0.7862	0.2501	0.626
0.8	8	Lalo	0.7802	0.2481	0.626
0.8	9	Lalo	0.8541	0.2683	0.5976
0.8	10	Lalo	0.8022	0.2529	0.6182
0.8	1	Bai	0.9319	0.2492	0.668
0.8	2	Bai	1.0381	0.2672	0.6485
0.8	3	Bai	0.8883	0.2324	0.674
0.8	4	Bai	0.9482	0.2453	0.6473
0.8	5	Bai	0.8447	0.2255	0.6703
0.8	6	Bai	0.8828	0.2281	0.6795
0.8	7	Bai	0.9755	0.2497	0.648
0.8	8	Bai	0.9046	0.237	0.6651
0.8	9	Bai	0.8665	0.2246	0.68
0.8	10	Bai	0.9918	0.2586	0.635
0.8	1	Karen	0.8836	0.2301	0.7307
0.8	2	Karen	0.7671	0.198	0.7448
0.8	3	Karen	0.8801	0.2283	0.7015
0.8	4	Karen	0.7089	0.1793	0.753
0.8	5	Karen	0.7192	0.1885	0.7551
0.8	6	Karen	0.8425	0.2202	0.7393
0.8	7	Karen	0.7808	0.2034	0.7442
0.8	8	Karen	0.7534	0.1963	0.7486
0.8	9	Karen	0.7842	0.2036	0.7416
0.8	10	Karen	0.7432	0.1882	0.7481
0.8	1	Romance	1.5383	0.1843	0.7282
0.8	2	Romance	1.4346	0.1768	0.7415
0.8	3	Romance	1.4458	0.1782	0.7392
0.8	4	Romance	1.4665	0.1794	0.7363
0.8	5	Romance	1.5124	0.1846	0.7302
0.8	6	Romance	1.4765	0.1785	0.7355
0.8	7	Romance	1.4967	0.1821	0.7324
0.8	8	Romance	1.4895	0.1818	0.7327
0.8	9	Romance	1.4506	0.1771	0.7394
0.8	10	Romance	1.4759	0.1796	0.7388
0.5	1	Burmish	0.6418	0.1721	0.7922
0.5	2	Burmish	0.5597	0.151	0.8025
0.5	3	Burmish	0.5373	0.1456	0.8242
0.5	4	Burmish	0.5821	0.1519	0.7926
0.5	5	Burmish	0.4627	0.1261	0.844
0.5	6	Burmish	0.5	0.1286	0.8294
0.5	7	Burmish	0.5149	0.1378	0.814
0.5	8	Burmish	0.5896	0.1547	0.7889
0.5	9	Burmish	0.5522	0.1445	0.8027
0.5	10	Burmish	0.6119	0.1655	0.7921
0.5	1	Purus	0.5455	0.1026	0.8288
0.5	2	Purus	0.4848	0.09	0.8444
0.5	3	Purus	0.5354	0.1069	0.8383
0.5	4	Purus	0.4848	0.0975	0.8456
0.5	5	Purus	0.4444	0.0855	0.8618
0.5	6	Purus	0.4545	0.084	0.8657
0.5	7	Purus	0.4444	0.0831	0.8636
0.5	8	Purus	0.404	0.0767	0.8708
0.5	9	Purus	0.4747	0.0882	0.8546
0.5	10	Purus	0.404	0.0785	0.8707
0.5	1	Lalo	0.6448	0.2047	0.6793
0.5	2	Lalo	0.6656	0.2148	0.6617
0.5	3	Lalo	0.6784	0.2144	0.6588
0.5	4	Lalo	0.648	0.2059	0.6694
0.5	5	Lalo	0.7072	0.2235	0.6512
0.5	6	Lalo	0.672	0.2123	0.6626
0.5	7	Lalo	0.7072	0.2244	0.6452
0.5	8	Lalo	0.6608	0.2093	0.6661
0.5	9	Lalo	0.6672	0.2098	0.6709
0.5	10	Lalo	0.6592	0.2095	0.6717
0.5	1	Bai	0.6594	0.1732	0.7448
0.5	2	Bai	0.7991	0.2019	0.6971
0.5	3	Bai	0.6288	0.168	0.7475
0.5	4	Bai	0.69	0.1771	0.7348
0.5	5	Bai	0.6638	0.1736	0.7398
0.5	6	Bai	0.7424	0.1857	0.7206
0.5	7	Bai	0.6245	0.1586	0.754
0.5	8	Bai	0.6419	0.1646	0.753
0.5	9	Bai	0.6812	0.1744	0.7354
0.5	10	Bai	0.6638	0.1753	0.7428
0.5	1	Karen	0.5824	0.1528	0.8031
0.5	2	Karen	0.5385	0.1366	0.8182
0.5	3	Karen	0.6154	0.1648	0.8033
0.5	4	Karen	0.544	0.1413	0.8042
0.5	5	Karen	0.6264	0.1527	0.7792
0.5	6	Karen	0.6703	0.1683	0.7769
0.5	7	Karen	0.6648	0.176	0.7772
0.5	8	Karen	0.6429	0.1667	0.7795
0.5	9	Karen	0.522	0.1333	0.8242
0.5	10	Karen	0.533	0.1363	0.8048
0.5	1	Romance	1.2311	0.1517	0.7744
0.5	2	Romance	1.3034	0.1594	0.762
0.5	3	Romance	1.2957	0.158	0.7643
0.5	4	Romance	1.3044	0.1582	0.7608
0.5	5	Romance	1.2774	0.1577	0.7636
0.5	6	Romance	1.261	0.1548	0.7689
0.5	7	Romance	1.3314	0.1626	0.7584
0.5	8	Romance	1.2726	0.1564	0.7659
0.5	9	Romance	1.2644	0.1575	0.7677
0.5	10	Romance	1.2832	0.1582	0.7651
0.1	1	Burmish	0.5556	0.1512	0.9035
0.1	2	Burmish	0.5185	0.134	0.8726
0.1	3	Burmish	0.5926	0.1469	0.8322
0.1	4	Burmish	0.5185	0.1327	0.8944
0.1	5	Burmish	0.2222	0.0611	0.9394
0.1	6	Burmish	0.2593	0.0741	0.9311
0.1	7	Burmish	0.4074	0.1142	0.9077
0.1	8	Burmish	0.4444	0.1074	0.9018
0.1	9	Burmish	0.3704	0.092	0.9204
0.1	10	Burmish	0.1852	0.0438	0.9506
0.1	1	Purus	0.25	0.0381	0.9384
0.1	2	Purus	0.65	0.12	0.8435
0.1	3	Purus	0.45	0.0975	0.8738
0.1	4	Purus	0.4	0.0917	0.8935
0.1	5	Purus	0.55	0.1058	0.8661
0.1	6	Purus	0.2	0.0392	0.9396
0.1	7	Purus	0.4	0.0625	0.9145
0.1	8	Purus	0.7	0.1292	0.8197
0.1	9	Purus	0.5	0.1017	0.8803
0.1	10	Purus	0.1	0.025	0.9665
0.1	1	Lalo	0.648	0.2043	0.7142
0.1	2	Lalo	0.632	0.2053	0.6982
0.1	3	Lalo	0.648	0.2107	0.6997
0.1	4	Lalo	0.528	0.1693	0.7489
0.1	5	Lalo	0.696	0.2207	0.6996
0.1	6	Lalo	0.696	0.218	0.6944
0.1	7	Lalo	0.528	0.166	0.7579
0.1	8	Lalo	0.64	0.2003	0.7096
0.1	9	Lalo	0.536	0.1653	0.7608
0.1	10	Lalo	0.488	0.1593	0.7824
0.1	1	Bai	0.4565	0.117	0.8343
0.1	2	Bai	0.6957	0.1634	0.7718
0.1	3	Bai	0.7174	0.1862	0.7701
0.1	4	Bai	0.6522	0.1699	0.7811
0.1	5	Bai	0.8261	0.2025	0.7427
0.1	6	Bai	0.6739	0.1837	0.7821
0.1	7	Bai	0.5435	0.1478	0.8227
0.1	8	Bai	0.7391	0.2018	0.7655
0.1	9	Bai	0.6739	0.1764	0.7646
0.1	10	Bai	0.7391	0.1942	0.7643
0.1	1	Karen	0.5833	0.1375	0.8749
0.1	2	Karen	0.3889	0.112	0.8826
0.1	3	Karen	0.5	0.1278	0.8931
0.1	4	Karen	0.5278	0.138	0.8678
0.1	5	Karen	0.4167	0.1079	0.8876
0.1	6	Karen	0.4722	0.1194	0.8575
0.1	7	Karen	0.6389	0.1593	0.8343
0.1	8	Karen	0.6389	0.1625	0.8242
0.1	9	Karen	0.4722	0.1329	0.8606
0.1	10	Karen	0.2778	0.0722	0.9471
0.1	1	Romance	1.147	0.1445	0.79
0.1	2	Romance	1.0361	0.1293	0.8062
0.1	3	Romance	1.1205	0.1367	0.7948
0.1	4	Romance	1.1542	0.1432	0.7855
0.1	5	Romance	1.2771	0.1577	0.7674
0.1	6	Romance	1.2241	0.1524	0.7734
0.1	7	Romance	1.147	0.1397	0.7941
0.1	8	Romance	1.1687	0.1428	0.7844
0.1	9	Romance	1.0699	0.1353	0.8055
0.1	10	Romance	1.1952	0.1447	0.7824